// Monsters Additional Database
//
// Structure of Database :
// ID,Sprite_Name,kROName,iROName,LV,HP,SP,EXP,JEXP,Range1,ATK1,ATK2,DEF,MDEF,STR,AGI,VIT,INT,DEX,LUK,Range2,Range3,Scale,Race,Element,Mode,Speed,aDelay,aMotion,dMotion,MEXP,ExpPer,MVP1id,MVP1per,MVP2id,MVP2per,MVP3id,MVP3per,Drop1id,Drop1per,Drop2id,Drop2per,Drop3id,Drop3per,Drop4id,Drop4per,Drop5id,Drop5per,Drop6id,Drop6per,Drop7id,Drop7per,Drop8id,Drop8per,Drop9id,Drop9per,DropCardid,DropCardper
// Easter Event Monsters
//1920,EASTER_EGG,Easter Egg,Easter Egg,3,300,0,4,4,0,1,2,20,20,1,1,1,1,1,20,10,12,0,0,60,128,1000,1001,1,1,0,0,0,0,0,0,0,0,1010,250,935,500,558,300,501,200,501,200,713,800,558,300,558,300,0,0,0,0
//1921,EASTER_BUNNY,Easter Bunny,Easter Bunny,6,1800,0,60,55,1,20,26,0,40,1,36,6,1,11,80,10,10,0,2,60,181,200,1456,456,336,0,0,0,0,0,0,0,0,2250,200,515,8000,727,1200,746,1500,706,30,622,50,534,5000,0,0,0,0,4006,70

// eAthena Dev Team
//1900,VALARIS,Valaris,Valaris,99,668000,0,107250,37895,2,3220,4040,35,45,1,152,96,85,120,95,10,10,2,6,67,1973,100,1068,768,576,13000,5000,608,1000,750,400,923,3800,1466,200,2256,200,2607,800,714,500,617,3000,984,4300,985,5600,0,0,0,0,4147,1
//1901,VALARIS_WORSHIPPER,Valaris's Worshipper,Valaris's Worshipper,50,8578,0,2706,1480,1,487,590,15,25,1,75,55,1,93,45,10,12,0,6,27,1685,100,868,480,120,0,0,0,0,0,0,0,0,923,500,984,63,1464,2,607,50,610,100,503,300,2405,50,0,0,0,0,4129,1
//1902,MC_CAMERI,MC Cameri,MC Cameri,99,668000,0,107250,37895,2,3220,4040,35,45,1,152,96,85,120,95,10,10,2,6,67,1973,100,1068,768,576,13000,5000,608,1000,750,400,923,3800,1466,200,2256,200,2607,800,714,500,617,3000,984,4300,985,5600,0,0,0,0,4147,1
//1903,POKI,Poki#3,Poki#3,99,1349000,0,4093000,1526000,9,4892,9113,22,35,1,180,39,67,193,130,10,12,1,7,64,1973,120,500,672,480,92100,7000,603,5500,617,3000,1723,1000,1228,100,1236,500,617,2500,1234,75,1237,125,1722,250,1724,100,1720,50,0,0,0,0
//1904,SENTRY,Sentry,Sentry,99,668000,0,107250,37895,2,3220,4040,35,45,1,152,96,85,120,95,10,10,2,6,67,1973,100,1068,768,576,13000,5000,608,1000,750,400,923,3800,1466,200,2256,200,2607,800,714,500,617,3000,984,4300,985,5600,0,0,0,0,4147,1

//Custom Hollow Poring (overrrides/collides with META_ANDRE)
//1237,HOLLOW_PORING,Hollow Poring,Hollow Poring,1,50,0,2,1,1,7,10,0,5,1,1,1,0,6,30,10,12,1,3,21,0x83,400,1872,672,480,0,0,0,0,0,0,0,0,909,7000,1202,100,938,400,512,1000,713,1500,512,150,619,20,0,0,0,0,4001,10
//Custom Fire Poring. Warning, Colides with META_DENIRO
//1239,FIRE_PORING,Fire Poring,Fire Poring,1,50,0,2,1,1,7,10,0,5,1,1,1,1,6,30,10,12,1,3,21,131,400,1872,672,480,0,0,0,0,0,0,0,0,909,7000,1202,100,938,400,512,1000,713,1500,741,5,619,20,0,0,0,0,4001,20

//Lunar New Year 2008 Event Monster overrides
//Uncomment if event is enabled, as these drops modifications are nessecary.
//1145,MARTIN,Martin,Martin,18,1109,0,134,86,1,52,63,0,5,12,18,30,15,15,5,10,12,0,2,42,0x81,300,1480,480,480,0,0,0,0,0,0,0,0,1017,9000,1018,500,1251,10,2225,5,5009,1,10010,10,2224,15,7869,1500,0,0,4046,1
//1175,TAROU,Tarou,Tarou,11,284,0,57,28,1,34,45,0,0,1,20,11,10,24,5,10,12,0,2,27,0x91,150,1744,1044,684,0,0,0,0,0,0,0,0,1016,9000,919,3000,949,800,528,1000,701,2,7869,2500,0,0,0,0,0,0,4028,1
//1209,CRAMP,Cramp,Cramp,56,4720,0,2300,1513,1,395,465,0,5,1,85,35,5,65,60,10,12,0,2,45,0x3095,100,1000,500,1000,0,0,0,0,0,0,0,0,7007,4656,528,1000,726,80,746,110,568,250,510,70,984,95,7869,1500,0,0,4296,1

//iRO St. Patricks Day 2008 Event Monster overrides
//Uncomment if event is enabled, as these drops modifications are nessecary.
//1841,G_SNAKE_,Snake Lord's Minon,Snake Lord's Minon,15,471,0,72,48,1,46,55,0,0,1,15,15,10,35,5,10,12,1,2,22,0x81,200,1576,576,576,0,0,0,0,0,0,0,0,7915,1000,7916,100,7720,30,12715,7,0,0,0,0,0,0,0,0,0,0,0,0
//1842,G_ANACONDAQ_,Snake Lord's Minon,Snake Lord's Minon,23,1109,0,300,149,1,124,157,0,0,1,23,28,10,36,5,10,12,1,2,25,0x91,200,1576,576,576,0,0,0,0,0,0,0,0,7915,1000,7916,100,7720,30,12715,7,0,0,0,0,0,0,0,0,0,0,0,0
//1843,SIDE_WINDER_,Snake Lord's Minon,Snake Lord's Minon,43,4929,0,1996,993,1,240,320,5,10,38,43,40,15,115,20,10,12,1,2,25,0x3095,200,1576,576,576,0,0,0,0,0,0,0,0,7915,1000,7916,100,7720,30,12715,7,0,0,0,0,0,0,0,0,0,0,0,0
//1844,G_ISIS_,Snake Lord's Minon,Snake Lord's Minon,47,7003,0,3709,1550,1,423,507,10,35,38,65,43,50,66,15,10,12,2,6,27,0x3195,200,1384,768,336,0,0,0,0,0,0,0,0,7915,1000,7916,100,7720,30,12715,8,0,0,0,0,0,0,0,0,0,0,0,0

//iRO Christmas 2008 Event
//Uncomment if event is enabled, as these drops modifications are nessecary.
//1244,JAKK_XMAS,Christmas Jakk,Christmas Jakk,38,3581,0,1113,688,1,315,382,5,30,1,38,38,43,75,45,10,12,1,0,43,0x81,200,1180,480,648,0,0,0,0,0,0,0,0,529,1000,530,1000,14546,1000,14550,1000,7174,1000,7175,1000,6092,1000,12355,1250,0,0,0,0
//1245,GOBLINE_XMAS,Christmas Goblin,Christmas Goblin,25,1176,0,282,171,1,118,140,10,5,1,53,25,20,38,45,10,12,1,7,24,0x81,100,1120,620,240,0,0,0,0,0,0,0,0,529,1000,530,1000,14546,1000,14550,1000,7174,1000,7175,1000,6092,1000,12355,1250,0,0,0,0
//1246,COOKIE_XMAS,Christmas Cookie,Christmas Cookie,28,2090,0,461,284,1,140,170,0,50,1,24,30,53,45,100,10,12,0,7,46,0x91,400,1248,1248,240,0,0,0,0,0,0,0,0,529,1000,530,1000,14546,1000,14550,1000,7174,1000,7175,1000,6092,1000,12355,1250,0,0,0,0
//1247,ANTONIO,Antonio,Antonio,10,10,0,3,2,1,13,20,100,0,1,1,1,50,100,100,10,12,1,3,66,0xC1,100,720,720,432,0,0,0,0,0,0,0,0,604,500,12354,500,14550,500,5136,500,12132,500,12225,500,5811,500,0,0,0,0,4243,1

//iRO Halloween 2009 Event
//Uncomment if event is enabled. Uncomment the skills for Halloween Whisper in mob_skill_db2.
//3014,HALLOWEEN_WHISPER,Halloween Whisper,Halloween Whisper,1,800,0,0,0,1,10,13,0,45,1,51,14,0,60,0,10,12,0,6,68,0x81,150,1960,960,504,0,0,0,0,0,0,0,0,12396,150,6299,5335,0,0,0,0,0,0,0,0,0,0,0,0,0,0,0,0
//3015,HALLOWEEN_DARK_LORD,Halloween Dark Lord,Halloween Dark Lord,1,45,0,0,0,1,10,13,0,45,1,51,14,0,60,0,10,12,2,6,89,0x81,100,868,768,480,0,0,0,0,0,0,0,0,12396,800,12397,5335,0,0,0,0,0,0,0,0,0,0,0,0,0,0,0,0

//iRO Halloween 2008 Event
//Uncomment if event is enabled.
//3000,ZOMBIE,Zombie,Zombie,15,534,0,50,33,1,67,79,0,10,1,8,7,0,15,0,10,12,1,1,29,0x3885,400,2612,912,288,0,0,0,0,0,0,0,0,957,9000,724,5,938,1000,958,50,727,70,0,0,0,0,0,0,0,0,4038,1
//3001,GHOUL,Ghoul,Ghoul,40,5418,0,1088,622,1,420,500,5,20,1,20,29,0,45,20,10,12,1,1,49,0x3885,250,2456,912,504,0,0,0,0,0,0,0,0,958,6000,756,110,509,700,511,800,2609,60,934,150,1260,1,0,0,0,0,4110,1
//3002,ZOMBIE_MASTER,Zombie Master,Zombie Master,62,14211,0,7610,2826,1,824,1084,37,26,25,20,30,5,77,35,10,12,1,1,29,0x3695,175,2612,912,288,0,0,0,0,0,0,0,0,7071,4413,938,1500,958,1500,723,200,727,100,1260,1,2324,2,0,0,0,0,4274,1

// Genetic Homunculus S
//6048,MER_EIRA,Eira,Eira,1,50,0,2,1,1,7,10,0,5,1,1,1,0,6,30,10,12,1,3,21,0x83,400,1872,672,480,0,0,0,0,0,0,0,0,909,7000,1202,100,938,400,512,1000,713,1500,512,150,619,20,0,0,0,0,4001,1
//6049,MER_BAYERI,Bayeri,Bayeri,1,50,0,2,1,1,7,10,0,5,1,1,1,0,6,30,10,12,1,3,21,0x83,400,1872,672,480,0,0,0,0,0,0,0,0,909,7000,1202,100,938,400,512,1000,713,1500,512,150,619,20,0,0,0,0,4001,1
//6050,MER_SERA,Sera,Sera,1,50,0,2,1,1,7,10,0,5,1,1,1,0,6,30,10,12,1,3,21,0x83,400,1872,672,480,0,0,0,0,0,0,0,0,909,7000,1202,100,938,400,512,1000,713,1500,512,150,619,20,0,0,0,0,4001,1
//6051,MER_DIETER,Dieter,Dieter,1,50,0,2,1,1,7,10,0,5,1,1,1,0,6,30,10,12,1,3,21,0x83,400,1872,672,480,0,0,0,0,0,0,0,0,909,7000,1202,100,938,400,512,1000,713,1500,512,150,619,20,0,0,0,0,4001,1
//6052,MER_ELEANOR,Eleanor,Eleanor,1,50,0,2,1,1,7,10,0,5,1,1,1,0,6,30,10,12,1,3,21,0x83,400,1872,672,480,0,0,0,0,0,0,0,0,909,7000,1202,100,938,400,512,1000,713,1500,512,150,619,20,0,0,0,0,4001,1

// Old Glast Heim (currently placeholders, renewal versions - RECHECK NEEDED!)
2464,MG_ZOMBIE,Zombie,Zombie,17,9340,1,117,87,1,38,50,20,3,15,8,17,0,15,0,10,12,1,1,29,0x3885,400,2612,912,288,0,0,0,0,0,0,0,0,0,0,0,0,0,0,0,0,0,0,0,0,0,0,0,0,0,0,0,0
2465,MG_WRAITH,Wraith,Wraith,77,23168,1,1190,1191,1,335,396,80,40,62,26,30,55,76,5,10,12,2,1,89,0x3695,300,1816,576,240,0,0,0,0,0,0,0,0,0,0,0,0,0,0,0,0,0,0,0,0,0,0,0,0,0,0,0,0
2466,MG_GHOUL,Ghoul,Ghoul,61,12614,1,583,656,1,216,245,78,5,56,12,19,11,27,10,10,12,1,1,49,0x3885,250,2456,912,504,0,0,0,0,0,0,0,0,0,0,0,0,0,0,0,0,0,0,0,0,0,0,0,0,0,0,0,0
2467,MG_ARCLOUSE,Arclouse,Arclouze,107,14020,1,1844,2607,1,269,309,101,36,60,73,45,35,140,15,10,12,1,4,42,0x3195,100,960,500,480,0,0,0,0,0,0,0,0,0,0,0,0,0,0,0,0,0,0,0,0,0,0,0,0,0,0,0,0
2468,MG_RAYDRIC,Raydric,Raydric,115,25408,1,20770,2076,1,572,668,89,15,129,87,55,32,76,27,10,12,2,7,47,0x3095,150,824,780,420,0,0,0,0,0,0,0,0,0,0,0,0,0,0,0,0,0,0,0,0,0,0,0,0,0,0,0,0
2469,MG_RAYDRIC_ARCHER,Raydric Archer,Raydric Archer,82,30370,1,1049,1332,9,377,395,63,40,53,24,40,15,112,30,10,12,1,6,47,0x2185,200,1152,1152,480,0,0,0,0,0,0,0,0,0,0,0,0,0,0,0,0,0,0,0,0,0,0,0,0,0,0,0,0
2470,MG_KNIGHT_OF_ABYSS,Knight of Abyss,Abysmal Knight,122,332970,1,4779,4013,1,810,1002,102,50,121,55,68,70,97,37,10,12,2,7,87,0x3695,300,1500,500,1000,0,0,0,0,0,0,0,0,0,0,0,0,0,0,0,0,0,0,0,0,0,0,0,0,0,0,0,0
2471,MG_KHALITZBURG,Khalitzburg,Khalitzburg,118,109860,1,2862,2147,1,737,833,125,10,121,48,40,31,89,32,10,12,2,1,29,0x3695,350,528,1000,396,0,0,0,0,0,0,0,0,0,0,0,0,0,0,0,0,0,0,0,0,0,0,0,0,0,0,0,0
2472,MG_BLOODY_KNIGHT,Bloody Knight,Bloody Knight,116,285000,1,7348,6511,3,942,1065,122,50,132,59,70,57,98,45,10,12,2,0,87,0x3695,250,828,528,192,0,0,0,0,0,0,0,0,0,0,0,0,0,0,0,0,0,0,0,0,0,0,0,0,0,0,0,0
2473,MG_M_UNDEAD_KNIGHT,Undead Knight,Undead Knight,133,500000,0,4500,3375,2,751,880,122,62,122,87,54,65,103,65,14,16,2,7,80,0x37B5,170,140,384,288,0,0,0,0,0,0,0,0,0,0,0,0,0,0,0,0,0,0,0,0,0,0,0,0,0,0,0,0
2474,MG_F_UNDEAD_KNIGHT,Undead Knight,Undead Knight,133,500000,0,4500,3375,2,751,880,122,62,122,87,54,65,103,65,14,16,2,7,80,0x37B5,170,140,384,288,0,0,0,0,0,0,0,0,0,0,0,0,0,0,0,0,0,0,0,0,0,0,0,0,0,0,0,0
2475,MG_CORRUPTION_ROOT,Root of Corruption,Root of Corruption,136,3190000,1,240120,187920,3,710,1762,213,123,86,89,120,131,101,92,14,12,2,7,62,0x1A4,170,854,2016,480,120060,10000,607,5500,608,3500,732,5500,0,0,0,0,0,0,0,0,0,0,0,0,0,0,0,0,0,0,0,0
2476,MG_AMDARAIS,Amdarias,Amdarias,143,3283990,1,74288,77950,2,8860,10022,32,66,140,159,30,109,300,90,10,12,2,2,63,0x37B5,200,1152,1152,576,37144,10000,617,5500,617,5000,616,2000,0,0,0,0,0,0,0,0,0,0,0,0,0,0,0,0,0,0,0,0

// Champion Monsters (renewal)
2899,C4_ANOLIAN,Furious Anolian,Furious Anolian,109,77735,1,8790,19995,1,863,1175,61,11,130,81,55,66,70,48,10,12,1,5,41,13973,190,900,500,864,0,0,0,0,0,0,0,0,7003,4850,1754,2000,526,5,10019,10,16003,1,2625,1,984,134,0,0,0,0,4234,1
2900,C5_ANGRA_MANTIS,Elusive Angra Mantis,Elusive Angra Mantis,144,458600,1,25315,63180,1,1099,1516,175,81,122,155,119,81,198,79,10,12,1,4,42,14725,150,576,480,480,0,0,0,0,0,0,0,0,6086,5000,7194,1000,997,10,1830,5,0,0,0,0,0,0,0,0,0,0,4513,1
2901,C1_ANGRA_MANTIS,Swift Angra Mantis,Swift Angra Mantis,144,458600,1,25315,63180,1,1099,1516,175,81,122,155,119,81,198,79,10,12,1,4,42,14725,150,576,480,480,0,0,0,0,0,0,0,0,6086,5000,7194,1000,997,10,1830,5,0,0,0,0,0,0,0,0,0,0,4513,1
2902,C2_ANDRE,Solid Andre,Solid Andre,33,7240,1,540,1815,1,92,117,55,16,11,20,40,10,24,10,10,12,0,4,22,4481,300,1288,288,384,0,0,0,0,0,0,0,0,955,9000,910,1000,938,500,993,50,601,4,1002,350,757,28,0,0,0,0,4043,1
2903,C3_ANCIENT_MIMIC,Ancient Mimic Ringleader,Ancient Mimic Ringleader,112,73500,1,7955,18600,1,1153,1613,100,40,121,70,63,43,141,67,10,12,2,0,60,14469,100,168,480,360,0,0,0,0,0,0,0,0,603,30,617,1,644,50,2404,5,2506,1,2417,10,2610,100,0,0,0,0,4387,1
2904,C4_ANACONDAQ,Furious Anacondaq,Furious Anacondaq,100,42550,1,4805,10815,1,662,903,92,0,79,59,28,43,67,25,10,12,1,2,25,145,200,1576,576,576,0,0,0,0,0,0,0,0,6247,200,937,9000,1455,10,926,1500,936,200,508,150,756,50,0,0,0,0,4062,1
2905,C5_AMBERNITE,Elusive Ambernite,Elusive Ambernite,19,1700,1,290,645,1,59,72,28,0,16,20,11,10,21,5,10,12,2,4,21,401,400,2048,648,648,0,0,0,0,0,0,0,0,991,50,946,9000,910,1200,935,3000,601,2,757,14,1002,150,0,0,0,0,4032,1

// Nightmare Scaraba Hole (renewal)
2161,I_HORN_SCARABA,Gold One-Horn Scaraba,Gold One-Horn Scaraba,130,204400,0,15660,12033,1,1266,1448,135,20,1,109,55,121,121,33,10,12,0,4,22,0x3795,150,76,384,288,0,0,0,0,0,0,0,0,6324,10000,1433,4,12735,20,7939,20,993,4,0,0,0,0,0,0,0,0,4508,1
2162,I_HORN_SCARABA2,Gold Two-Horn Scaraba,Gold Two-Horn Scaraba,134,235600,0,17340,13647,1,1380,1590,150,38,1,118,72,145,134,51,10,12,0,4,22,0x3795,150,76,384,288,0,0,0,0,0,0,0,0,6323,10000,13061,4,12735,20,7939,20,993,4,0,0,0,0,0,0,0,0,4508,1
2163,I_ANTLER_SCARABA,Gold Antler Scaraba,Gold Antler Scaraba,136,250400,0,18990,15675,1,824,1644,155,102,1,149,59,229,141,45,10,12,1,4,42,0x3795,220,76,384,288,0,0,0,0,0,0,0,0,6322,10000,1930,4,12735,20,7939,20,993,4,0,0,0,0,0,0,0,0,4508,1
2164,I_RAKE_SCARABA,Gold Rake Scaraba,Gold Rake Scaraba,139,270800,0,20970,16785,1,1660,1884,250,70,1,116,145,152,162,77,10,12,1,4,42,0x3795,200,76,384,288,0,0,0,0,0,0,0,0,6321,10000,16010,4,12735,20,15000,20,993,4,0,0,0,0,0,0,0,0,4508,1
2165,I_QUEEN_SCARABA,Gold Queen Scaraba,Gold Queen Scaraba,140,6441600,0,4102200,2122000,3,3778,6258,350,220,100,138,82,249,261,144,10,12,2,4,62,0x37B5,200,768,768,576,2051100,10000,616,5500,616,5000,616,2000,6326,10000,1191,2000,2364,2000,1196,800,18103,1000,0,0,0,0,0,0,0,0,4509,1
2166,I_HORN_SCARABA_EGG,Gold One-Horn Scaraba Egg,Gold One-Horn Scaraba Egg,125,126000,0,12000,9000,1,1,2,230,55,1,1,130,34,1,80,10,12,0,4,20,0x0,1000,24,1,1,0,0,0,0,0,0,0,0,7032,10000,518,200,985,20,0,0,0,0,0,0,0,0,0,0,0,0,0,0
2167,I_HORN_SCARABA2_EGG,Gold Two-Horn Scaraba Egg,Gold Two-Horn Scaraba Egg,126,132000,0,12000,9000,1,1,2,250,62,1,1,130,48,1,80,10,12,0,4,20,0x0,1000,24,1,1,0,0,0,0,0,0,0,0,7032,10000,518,200,985,20,0,0,0,0,0,0,0,0,0,0,0,0,0,0
2168,I_ANTLER_SCARABA_EGG,Gold Antler Scaraba Egg,Gold Antler Scaraba Egg,127,138000,0,12000,9000,1,1,2,235,180,1,1,130,82,1,80,10,12,0,4,20,0x0,1000,24,1,1,0,0,0,0,0,0,0,0,7032,10000,518,200,985,20,0,0,0,0,0,0,0,0,0,0,0,0,0,0
2169,I_RAKE_SCARABA_EGG,Gold Rake Scaraba Egg,Gold Rake Scaraba Egg,128,144000,0,12000,9000,1,1,2,290,44,1,1,130,39,1,80,10,12,0,4,20,0x0,1000,24,1,1,0,0,0,0,0,0,0,0,7032,10000,518,200,985,20,2153,20,0,0,0,0,0,0,0,0,0,0,0,0
2170,I_G_ANTLER_SCARABA,Gold Antler Scaraba,Gold Antler Scaraba,136,250400,0,0,0,1,824,1644,155,102,1,149,59,229,141,45,10,12,1,4,42,0x37B5,220,76,384,288,0,0,0,0,0,0,0,0,0,0,0,0,0,0,0,0,0,0,0,0,0,0,0,0,0,0,0,0
2171,I_G_RAKE_SCARABA,Gold Rake Scaraba,Gold Rake Scaraba,139,270800,0,0,0,1,1660,1884,250,70,1,116,145,152,162,77,10,12,1,4,42,0x37B5,200,76,384,288,0,0,0,0,0,0,0,0,0,0,0,0,0,0,0,0,0,0,0,0,0,0,0,0,0,0,0,0
2172,I_G_HORN_SCARABA,Gold One-Horn Scaraba,Gold One-Horn Scaraba,130,204400,0,0,0,1,1266,1448,135,20,1,109,55,121,121,33,10,12,0,4,22,0x37B5,150,76,384,288,0,0,0,0,0,0,0,0,0,0,0,0,0,0,0,0,0,0,0,0,0,0,0,0,0,0,0,0
2173,I_G_HORN_SCARABA2,Gold Two-Horn Scaraba,Gold Two-Horn Scaraba,134,235600,0,0,0,1,1380,1590,150,38,1,118,72,145,134,51,10,12,0,4,22,0x37B5,150,76,384,288,0,0,0,0,0,0,0,0,0,0,0,0,0,0,0,0,0,0,0,0,0,0,0,0,0,0,0,0

// Malangdo Island (renewal)
2174,MD_VADON,Ancient Crustacean,Deep Sea Vadon,95,120000,1,750,750,1,778,1003,154,21,145,91,138,60,113,45,10,12,0,5,21,0x33B5,300,1632,432,540,0,0,0,0,0,0,0,0,991,20,960,4500,910,1500,2313,3,943,50,757,20,0,0,12615,2,0,0,0,0
2175,MD_MARSE,Deepsea Marse,Deep Sea Marse,95,120000,1,750,750,1,500,1320,58,218,133,37,85,156,133,60,10,12,0,5,41,0x33B5,300,1956,756,528,0,0,0,0,0,0,0,0,1024,4500,962,1500,0,0,720,5,995,6,1007,3,514,150,12615,2,0,0,0,0
2176,MD_CRAB,Deepsea Crab,Deep Sea Crab,95,120000,1,750,750,1,696,930,136,15,122,54,84,37,98,65,7,12,0,5,21,0x33B5,200,992,792,360,0,0,0,0,0,0,0,0,964,2750,960,750,7049,350,1001,7,0,0,0,0,757,19,12615,2,0,0,0,0
2177,MD_CORNUTUS,Deepsea Cornutus,Deep Sea Cornutus,100,160000,1,750,750,1,1129,1366,342,48,122,87,135,66,137,75,10,12,0,5,21,0x33B5,200,1248,48,480,0,0,0,0,0,0,0,0,991,23,961,2750,911,400,757,27,2106,3,943,500,0,0,12615,3,0,0,0,0
2178,MD_SHELLFISH,Deepsea Shellfish,Deep Sea Shellfish,100,160000,1,750,750,1,720,1842,43,215,72,31,68,225,166,60,10,12,0,5,41,0x33B5,200,864,864,384,0,0,0,0,0,0,0,0,965,2750,966,500,7049,250,1056,500,1001,5,0,0,757,9,12615,2,0,0,0,0
2179,MD_KUKRE,Ancient Kukre,Deep Sea Kukre,100,160000,1,750,750,1,975,1093,123,33,125,80,112,60,102,30,10,12,0,4,21,0x33B5,150,1776,576,288,0,0,0,0,0,0,0,0,991,15,955,2750,910,200,528,250,0,0,928,225,623,10,12615,2,0,0,0,0
2180,MD_STROUF,Ancient Sea Lord,Deep Sea Strouf,145,400000,1,1000,1000,1,1200,4700,67,221,149,126,81,252,183,66,10,12,2,5,61,0x33B5,150,1872,672,384,0,0,0,0,0,0,0,0,951,2668,756,58,0,0,1461,1,949,1500,720,10,956,750,12614,3,0,0,0,0
2181,MD_SWORD_FISH,Ancient Sword Fish,Deep Sea Sword Fish,145,400000,1,1000,1000,1,1849,2084,255,17,155,156,115,85,194,65,10,12,2,5,41,0x33B5,200,1968,768,384,0,0,0,0,0,0,0,0,995,5,963,4500,756,17,2257,1,757,25,0,0,956,300,12614,3,0,0,0,0
2182,MD_MARC,Ancient Seahorse,Deep Sea Marc,145,400000,1,1000,1000,1,1423,1754,255,51,150,145,221,83,148,66,10,12,1,5,41,0x33B5,150,1272,72,480,0,0,0,0,0,0,0,0,995,9,956,4500,756,48,951,500,720,5,0,0,509,350,12612,3,0,0,0,0
2183,MD_ANOLIAN,Mutant Anolian,Deep Sea Anolian,151,700000,1,1100,1100,1,2122,2434,268,22,177,188,205,126,198,61,10,12,1,5,41,0x33B5,190,900,500,864,0,0,0,0,0,0,0,0,7003,2425,1754,1000,0,0,10019,5,16003,3,2625,1,984,67,12614,3,0,0,0,0
2184,MD_OBEAUNE,Deepsea Mermaid,Deep Sea Obeaune,151,700000,1,1100,1100,1,1502,5347,68,326,166,87,101,233,196,55,10,12,1,6,61,0x33B5,200,1872,672,288,0,0,0,0,0,0,0,0,995,7,950,4500,0,0,2326,5,720,5,951,250,748,15,12614,3,0,0,0,0
2185,MD_KAPHA,Transform Kapha,Deep Sea Kapha,151,700000,1,1100,1100,1,2590,2846,261,58,167,209,128,61,191,20,10,12,1,6,41,0x33B5,165,2012,1728,672,0,0,0,0,0,0,0,0,7149,3250,7053,1750,0,0,521,1150,708,1,1915,5,13008,3,12612,3,0,0,0,0
2186,COELACANTH_N_E,Coelacanth,Coelacanth,100,1200000,1,200000,200000,1,1290,2580,280,280,160,160,160,160,160,160,10,12,2,5,41,0x37B5,165,864,864,432,0,0,0,0,0,0,0,0,12617,5000,12614,2000,12615,2000,12623,700,12614,2000,12615,2000,12615,2000,12615,2000,0,0,0,0
2187,COELACANTH_N_A,Dark Coelacanth,Gloomy Coelacanth,100,2200000,1,500000,500000,1,1890,3780,280,280,160,160,160,160,160,160,10,12,2,5,41,0x37B5,165,864,864,432,0,0,0,0,0,0,0,0,12617,5000,12614,5000,12615,5000,12623,750,12614,5000,12615,5000,12615,5000,12615,5000,0,0,4527,1
2188,COELACANTH_N_M,Grotesque Coelacanth,Weird Coelacanth,100,2200000,1,500000,500000,1,1890,3780,280,280,160,160,160,160,160,160,10,12,2,5,41,0x37B5,165,864,864,432,0,0,0,0,0,0,0,0,12617,5000,12614,5000,12615,5000,12623,5000,12614,5000,12615,5000,12615,5000,12615,5000,0,0,4526,1
2189,COELACANTH_H_M,Mutant Coelacanth,Mutant Coelacanth,155,5200000,1,1500000,1500000,1,5500,11000,280,280,260,260,260,260,260,260,10,12,2,5,41,0x37B5,165,864,864,432,0,0,0,0,0,0,0,0,12617,7000,6423,7000,12612,5000,12623,5000,12614,5000,12615,5000,12615,5000,12615,5000,0,0,4528,1
2190,COELACANTH_H_A,Ferocious Coelacanth,Violent Coelacanth,155,5200000,1,1500000,1500000,1,5500,11000,280,280,260,260,260,260,260,260,10,12,2,5,41,0x37B5,165,864,864,432,0,0,0,0,0,0,0,0,12617,7000,6423,5000,12612,5000,12623,5000,12614,5000,12615,5000,12615,5000,12615,5000,0,0,4529,1
2191,MD_SEAWEED,Seaweed,Seaweed,100,100000,1,0,0,1,1,2,1,1,1,1,1,1,1,1,0,0,0,5,21,0x1E4,2000,384,720,360,0,0,0,0,0,0,0,0,0,0,0,0,0,0,0,0,0,0,0,0,0,0,0,0,0,0,0,0
2192,MD_OCTOPUS,Small Octopus,Octopus,90,6000,1,2000,1000,1,778,1003,154,21,145,91,138,60,113,45,10,12,0,5,41,0x33B5,300,576,2160,504,0,0,0,0,0,0,0,0,1024,2500,962,2500,0,0,0,0,0,0,0,0,0,0,12615,1,0,0,4533,1
2193,MD_OCTOPUS_LEG,Octupus Leg,Octopus Leg,90,500000,1,2000,1000,1,778,1003,154,21,145,91,138,60,113,45,10,12,0,5,41,0x1A4,300,432,720,360,0,0,0,0,0,0,0,0,1024,4500,962,2500,938,2500,0,0,0,0,0,0,0,0,12615,1,0,0,0,0
2194,MD_GIANT_OCTOPUS,Giant Octopus,Giant Octopus,95,500000,1,20000,10000,1,1900,3100,154,21,145,91,138,60,113,45,10,12,2,5,41,0x37B5,300,576,1584,360,0,0,0,0,0,0,0,0,12618,1500,12614,500,12623,250,12531,1500,0,0,0,0,12615,2000,12615,2000,0,0,4534,1
2195,MD_G_KUKRE,Ancient Kukre,Kukre,100,160000,1,0,0,1,975,1093,123,33,125,80,112,60,102,30,10,12,0,4,21,0x3395,150,1776,576,288,0,0,0,0,0,0,0,0,0,0,0,0,0,0,0,0,0,0,0,0,0,0,0,0,0,0,0,0
2196,MD_G_STROUF,Ancient Sea Lord,Strouf,145,400000,1,0,0,1,1200,4700,67,221,149,126,81,252,183,66,10,12,2,5,61,0x33B5,150,1872,672,384,0,0,0,0,0,0,0,0,0,0,0,0,0,0,0,0,0,0,0,0,0,0,0,0,0,0,0,0
2197,RED_ERUMA,Red Eruma,Red Eruma,91,9900,1,954,954,1,620,910,102,102,77,90,88,21,99,21,10,12,1,5,41,0x1089,140,768,1224,432,0,0,0,0,0,0,0,0,965,2500,966,1000,1056,1500,757,50,756,50,603,10,6426,700,0,0,0,0,4531,1
2199,SIORAVA,Siorava,Siorava,87,6500,1,600,600,1,450,660,20,40,10,40,66,70,67,10,10,12,0,0,21,0x83,250,1536,1296,576,0,0,0,0,0,0,0,0,12624,700,7005,500,932,500,958,500,7071,500,13034,1,1202,1,0,0,0,0,4530,1

// Additional Monsters (renewal)
2030,HIDEN_PRIEST,Hiden Priest,Hiden Priest,90,240500,0,0,0,2,1300,1983,0,30,1,32,40,100,82,40,10,12,2,6,89,0x37B5,150,432,432,360,0,0,0,0,0,0,0,0,12379,5000,0,0,0,0,0,0,0,0,0,0,0,0,0,0,0,0,0,0
2031,DANDELION_H,Dandelion,Dandelion,80,120000,0,0,0,1,305,610,0,10,1,19,32,0,63,20,10,12,1,7,47,0x37B5,250,1772,72,384,0,0,0,0,0,0,0,0,12379,5000,0,0,0,0,0,0,0,0,0,0,0,0,0,0,0,0,0,0
2032,GUARDIAN_FOREST,Forest Guardian,Forest Guardian,50,99999,0,0,0,1,3000,3000,160,99,100,100,100,100,100,100,10,12,0,6,27,0x308D,200,868,480,120,0,0,0,0,0,0,0,0,0,0,0,0,0,0,0,0,0,0,0,0,0,0,0,0,0,0,0,0
2033,GOLDEN_TULIP,Golden Tulip,Golden Tulip,1,100,0,0,0,1,1,1,160,99,0,0,0,0,0,0,7,12,0,3,22,0x0,2000,1,1,1,0,0,0,0,0,0,0,0,7951,10000,0,0,0,0,0,0,0,0,0,0,0,0,0,0,0,0,0,0
2035,NIHILITY_ZEM,Nihility Zem,Nihility Zem,90,200500,0,0,0,0,1,2,0,20,1,1,1,0,1,20,10,12,0,4,22,0x100,1000,1001,1,1,0,0,0,0,0,0,0,0,0,0,0,0,0,0,0,0,0,0,0,0,0,0,0,0,0,0,0,0
2039,EXECUTIONER_R,Executioner,Executioner,65,28980,0,0,0,2,570,950,56,35,64,85,40,25,88,60,10,12,2,0,47,0x37B5,200,768,500,384,0,0,0,0,0,0,0,0,0,0,0,0,0,0,0,0,0,0,0,0,0,0,0,0,0,0,0,0
2040,TIRFING_R,Tirfing,Ogretooth,71,29900,0,0,0,1,950,1146,48,35,58,87,55,35,132,65,10,12,1,0,67,0x37B5,100,816,500,240,0,0,0,0,0,0,0,0,0,0,0,0,0,0,0,0,0,0,0,0,0,0,0,0,0,0,0,0
2041,MYSTELTAINN_R,Mysteltainn,Mysteltainn,76,33350,0,0,0,2,1160,1440,48,30,77,139,80,35,159,65,10,12,2,0,87,0x37B5,250,1152,500,240,0,0,0,0,0,0,0,0,0,0,0,0,0,0,0,0,0,0,0,0,0,0,0,0,0,0,0,0
2047,W_NAGA,Naga,Naga,99,46708,0,0,0,3,492,605,61,15,113,42,30,18,122,13,10,12,2,2,42,0x3695,150,400,864,432,0,0,0,0,0,0,0,0,0,0,0,0,0,0,926,5000,0,0,0,0,0,0,0,0,0,0,0,0
2048,W_PINGUICULA_D,Dark Pinguicula,Dark Pinguicula,99,8780,0,0,0,1,536,656,24,5,1,23,22,1,89,2,10,12,1,3,45,0x308D,290,1426,600,360,0,0,0,0,0,0,0,0,0,0,0,0,0,0,0,0,6086,1000,0,0,0,0,0,0,0,0,0,0
2049,W_BRADIUM_GOLEM,Bradium Golem,Bradium Golem,99,45200,0,0,0,1,720,886,125,18,0,10,82,2,60,12,10,12,2,0,42,0x3895,300,1008,1200,540,0,0,0,0,0,0,0,0,0,0,0,0,6090,500,0,0,0,0,0,0,0,0,0,0,0,0,0,0
2050,W_AQUA_ELEMENTAL,Aqua Elemental,Aqua Elemental,99,33220,0,0,0,1,421,516,13,12,1,23,19,8,77,2,10,12,2,0,81,0x3095,230,504,960,576,0,0,0,0,0,0,0,0,0,0,0,0,12353,100,0,0,0,0,0,0,0,0,0,0,0,0,0,0
// Izlude Dungeon F6 (renewal)
//2205,TACNU,Tacnu,Tacnu,120,55552,0,5022,2722,1,1551,89,106,25,131,88,85,72,147,75,10,12,2,5,41,0x3795,165,0,0,0,0,0,0,0,0,0,0,0,0,0,0,0,0,0,0,0,0,0,0,0,0,0,0,0,0,0,0,0
//2207,RACARCH,Racarch,Racarch,1,24390,0,3882,2511,1,1311,111,92,66,121,78,66,21,112,33,10,12,1,5,41,0x37B5,130,1872,480,672,0,0,0,0,0,0,0,0,0,0,0,0,0,0,0,0,0,0,0,0,0,0,0,0,0,0,0,0
2208,WILD_RIDER,Wild Rider,Wild Rider,95,33300,0,8300,3300,1,1320,1848,480,22,100,100,30,70,100,30,10,12,2,5,41,0x37B5,150,432,432,360,0,0,0,0,0,0,0,0,956,7000,12624,7000,720,4000,995,2000,7938,1000,617,1000,0,0,0,0,0,0,4532,1
2209,E_THIEF_BUG,Thief Bug,Thief Bug,1,60,1,27,20,1,8,9,2,5,6,1,1,0,6,5,10,12,1,3,21,0x181,400,1872,672,480,0,0,0,0,0,0,0,0,0,0,0,0,0,0,0,0,0,0,0,0,0,0,0,0,0,0,0,0
2210,XMAS_LUNATIC,Xmas Lunatic,Christmas Snow Rabbit,1,60,1,27,20,1,8,9,2,5,6,1,1,0,6,5,10,12,1,3,21,0x83,400,1872,672,480,0,0,0,0,0,0,0,0,0,0,0,0,0,0,0,0,0,0,0,0,0,0,0,0,0,0,0,0
2211,E_TEDDY_BEAR,Teddy Bear,Christmas Teddy Bear,1,60,1,27,20,1,8,9,2,5,6,1,1,0,6,5,10,12,1,3,21,0x83,400,1872,672,480,0,0,0,0,0,0,0,0,0,0,0,0,0,0,0,0,0,0,0,0,0,0,0,0,0,0,0,0
2212,E_KNIGHT_OF_WINDSTORM,Knight of Windstorm,Stormy Knight,1,60,1,27,20,1,8,9,2,5,6,1,1,0,6,5,10,12,1,3,21,0x83,400,1872,672,480,0,0,0,0,0,0,0,0,0,0,0,0,0,0,0,0,0,0,0,0,0,0,0,0,0,0,0,0
2213,M_WANDER_MAN,Wander Man,Wanderer,1,60,1,27,20,1,8,9,2,5,6,1,1,0,6,5,10,12,1,3,21,0x83,400,1872,672,480,0,0,0,0,0,0,0,0,0,0,0,0,0,0,0,0,0,0,0,0,0,0,0,0,0,0,0,0
2214,M_WICKED_NYMPH,Wicked Nymph,Evil Nymph,1,60,1,27,20,1,8,9,2,5,6,1,1,0,6,5,10,12,1,3,21,0x83,400,1872,672,480,0,0,0,0,0,0,0,0,0,0,0,0,0,0,0,0,0,0,0,0,0,0,0,0,0,0,0,0
2215,M_KASA,Kasa,Kasa,1,60,1,27,20,1,8,9,2,5,6,1,1,0,6,5,10,12,1,3,21,0x83,400,1872,672,480,0,0,0,0,0,0,0,0,0,0,0,0,0,0,0,0,0,0,0,0,0,0,0,0,0,0,0,0
2216,M_SALAMANDER,Salamander,Salamander,1,60,1,27,20,1,8,9,2,5,6,1,1,0,6,5,10,12,1,3,21,0x83,400,1872,672,480,0,0,0,0,0,0,0,0,0,0,0,0,0,0,0,0,0,0,0,0,0,0,0,0,0,0,0,0
2217,M_TEDDY_BEAR,Teddy Bear,Teddy Bear,1,60,1,27,20,1,8,9,2,5,6,1,1,0,6,5,10,12,1,3,21,0x83,400,1872,672,480,0,0,0,0,0,0,0,0,0,0,0,0,0,0,0,0,0,0,0,0,0,0,0,0,0,0,0,0
2218,E_OCTOPUS_LEG,Octopus Leg,Octopus Tentacle,1,60,1,27,20,1,8,9,2,5,6,1,1,0,6,5,10,12,1,3,21,0x83,400,1872,672,480,0,0,0,0,0,0,0,0,0,0,0,0,0,0,0,0,0,0,0,0,0,0,0,0,0,0,0,0
2607,C5_ZAKUDAM,Elusive Zakudam,Elusive Zakudam,115,86000,1,9360,19440,3,1110,1547,106,92,122,66,70,61,92,55,10,12,2,7,60,0x3885,180,580,288,360,0,0,0,0,0,0,0,0,7317,5000,999,500,984,200,985,200,13156,5,13167,5,2390,10,0,0,0,0,4474,1
2861,C4_DARK_PRIEST,Furious Dark Priest,Furious Dark Priest,98,60450,1,7290,12495,2,546,767,56,30,5,78,41,89,94,42,10,12,1,6,89,0x620308D,200,864,1252,476,0,0,0,0,0,0,0,0,1557,5,2608,30,505,100,716,450,1009,1,2319,5,7005,3000,0,0,0,0,4171,1
2862,C5_DANCING_DRAGON,Elusive Zhu Po Long,Elusive Zhu Po Long,82,19715,1,2670,8205,2,424,565,83,36,59,76,40,30,73,30,10,12,1,9,44,0x83,160,600,840,504,0,0,0,0,0,0,0,0,7266,4365,7265,3000,7268,800,1036,1000,7038,3000,0,0,0,0,0,0,0,0,4272,1
2863,C1_CREAMY,Swift Creamy,Swift Creamy,23,1890,1,360,1215,1,97,126,28,20,16,1,1,0,1,20,10,12,0,4,24,0x2000081,150,1136,720,840,0,0,0,0,0,0,0,0,924,9000,2322,10,518,150,601,100,2207,2,712,500,692,100,0,0,0,0,4040,1
2886,C5_BANSHEE_MASTER,Elusive Banshee Master,Elusive Banshee Master,118,101600,1,11055,22995,2,1043,1446,87,94,121,58,48,122,84,44,10,12,1,6,47,0x2003695,150,676,504,504,0,0,0,0,0,0,0,0,7751,3000,2365,10,2748,2,2528,10,934,1500,7054,5335,0,0,0,0,0,0,4450,1

// Summon Legion Insects
2158,S_HORNET,Hornet,Hornet,8,169,0,19,15,1,22,27,5,5,6,20,8,10,17,5,10,12,0,4,24,0x1189,150,1292,792,216,0,0,0,0,0,0,0,0,992,80,939,9000,909,3500,1208,15,511,350,518,150,0,0,0,0,0,0,4019,1
2159,S_GIANT_HORNET,Giant Hornet,Giant Hornet,56,13105,0,5785,2006,1,650,852,38,43,35,38,32,10,71,64,10,12,0,4,24,0x3795,155,1292,792,340,0,0,0,0,0,0,0,0,526,550,518,1200,522,12,610,15,1608,3,722,20,1736,15,0,0,0,0,4271,1
2160,S_LUCIOLA_VESPA,Luciola Vespa,Luciola Vespa,104,25103,0,13040,11410,1,9000,9900,29,5,104,56,30,20,116,4,10,12,1,4,24,0x7795,100,672,500,192,0,0,0,0,0,0,0,0,939,9000,955,9000,943,3000,518,300,526,200,992,160,2744,2,0,0,0,0,0,0

// More Champion Monsters (renewal)
2826,C3_GARGOYLE,Gargoyle Ringleader,Gargoyle Ringleader,100,43860,1,5700,12810,9,677,916,98,43,100,61,60,57,120,70,10,12,1,6,64,0x2002085,200,1020,720,384,0,0,0,0,0,0,0,0,912,3880,1039,500,2506,2,1746,5,2619,1,1769,2000,757,238,0,0,0,0,4149,1
2827,C4_GARGOYLE,Furious Gargoyle,Furious Gargoyle,100,43860,1,5700,12810,9,676,915,98,43,100,79,60,57,120,70,10,12,1,6,64,0x2002085,200,1020,720,384,0,0,0,0,0,0,0,0,912,3880,1039,500,2506,2,1746,5,2619,1,1769,2000,757,238,0,0,0,0,4149,1
2828,C5_GALION,Elusive Galion,Elusive Galion,100,44105,1,5305,9945,1,711,964,100,62,106,79,62,45,108,36,10,12,1,2,44,0x620108B,150,864,624,360,0,0,0,0,0,0,0,0,7564,3000,919,3000,996,10,2531,5,0,0,0,0,0,0,0,0,0,0,4423,1
2829,C1_FUR_SEAL,Swift Seal,Swift Seal,47,6855,1,900,3030,1,167,208,42,16,37,40,30,39,35,19,10,12,1,2,21,0x3885,200,1612,622,583,0,0,0,0,0,0,0,0,912,4365,601,250,2310,5,7053,1200,1452,1,525,200,746,120,0,0,0,0,4312,1
2830,C2_FREEZER,Solid Freezer,Solid Freezer,94,99900,1,4665,13110,2,741,1030,127,38,68,47,50,45,69,25,10,12,1,2,41,0x3695,170,1260,960,672,0,0,0,0,0,0,0,0,967,4413,7070,850,7066,1250,912,1800,526,160,6256,200,689,100,0,0,0,0,4319,1
2831,C3_FREEZER,Freezer Ringleader,Freezer Ringleader,94,49950,1,4665,13110,2,741,1030,127,38,68,47,50,45,69,25,10,12,1,2,41,0x3695,170,1260,960,672,0,0,0,0,0,0,0,0,967,4413,7070,850,7066,1250,912,1800,526,160,6256,200,689,100,0,0,0,0,4319,1
2832,C4_FERUS_,Furious Ferus,Furious Ferus,126,195270,1,13600,26880,2,1085,1520,111,33,91,74,57,61,87,51,10,12,2,9,42,0x3095,120,108,576,432,0,0,0,0,0,0,0,0,579,5100,1035,1000,1036,3589,7445,800,997,20,7445,100,0,0,0,0,0,0,4381,1
2833,C5_FARMILIAR,Elusive Familiar,Elusive Familiar,24,2135,1,360,1215,1,103,136,26,5,15,19,20,5,20,1,10,12,0,2,27,0x3881,150,1276,576,384,0,0,0,0,0,0,0,0,913,5500,1105,20,2209,15,601,50,514,100,507,700,645,50,0,0,0,0,4020,1
2834,C1_FAKE_ANGEL,Swift False Angel,Swift False Angel,105,54940,1,6300,14130,2,847,1162,106,84,112,67,43,81,82,80,10,12,0,8,66,0x3885,160,920,720,336,0,0,0,0,0,0,0,0,717,1000,715,1000,716,1000,12020,1000,1974,20,0,0,0,0,0,0,0,0,4316,1
2835,C2_FABRE,Solid Fabre,Solid Fabre,6,720,1,135,300,1,29,34,24,0,12,5,5,5,12,5,10,12,0,4,22,0x2000081,400,1672,672,480,0,0,0,0,0,0,0,0,914,6500,949,500,1502,80,601,5,511,700,705,1000,1501,200,0,0,0,0,4002,1

// Dewata (renewal)
2151,ALNOLDI,Alnoldi,Rafflesia Alnoldi,80,5149,0,1399,1280,1,378,447,80,20,1,32,24,61,85,30,10,12,1,3,22,0x3895,300,768,768,576,0,0,0,0,0,0,0,0,705,250,520,425,905,4500,711,300,521,250,2269,100,0,0,0,0,0,0,4515,1
2152,COMODO,Comodo,Comodo,81,4002,0,1072,1581,1,427,469,92,11,50,52,35,20,94,48,10,12,1,2,65,0x3895,165,432,432,360,0,0,0,0,0,0,0,0,6403,5000,517,9000,911,9000,908,5000,0,0,0,0,0,0,0,0,0,0,4516,1
2153,CENDRAWASIH,Cendrawasih,Cendrawasih,84,5556,0,2612,2687,1,297,467,72,33,50,77,51,58,92,45,10,12,1,8,23,0x3895,220,768,768,576,0,0,0,0,0,0,0,0,6405,9000,7063,8000,916,9000,0,0,0,0,0,0,0,0,0,0,0,0,4517,1
2154,BANASPATY,Banaspaty,Banaspaty,85,4680,0,1164,1688,1,200,382,63,89,1,78,35,77,79,20,10,12,0,0,63,0x3895,220,1872,672,480,0,0,0,0,0,0,0,0,1003,1000,912,2000,985,1500,756,1500,1752,500,0,0,0,0,0,0,0,0,4518,1
2155,BUTOIJO,Butoijo,Butoijo,88,7524,0,1355,1752,1,358,460,77,12,50,65,30,30,106,44,10,12,2,6,43,0x2004895,200,1100,483,528,0,0,0,0,0,0,0,0,938,2750,537,500,520,450,0,0,0,0,0,0,0,0,0,0,0,0,4519,1
2156,LEAK,Leak,Leak,94,1266000,0,472800,300120,1,3723,5007,280,128,100,125,30,85,186,55,10,12,2,6,47,0x6283695,150,151,288,360,236400,10000,607,5500,617,2250,616,450,1422,10,617,2500,607,2500,15032,500,12738,3500,518,2500,969,2000,0,0,0,0,4520,1
2157,G_BANASPATY,Banaspaty,Banaspaty,85,4680,0,0,0,1,200,382,63,89,1,78,35,77,79,20,10,12,0,0,63,0x6203695,220,1872,672,480,0,0,0,0,0,0,0,0,0,0,0,0,0,0,0,0,0,0,0,0,0,0,0,0,0,0,0,0

// WoE TE (renewal)
2415,L_SEYREN,Knight Seyren,Knight Seyren,98,13260,1,2950,1974,1,827,1112,149,10,127,62,77,44,118,49,10,12,1,7,63,0x3885,150,432,400,288,0,0,0,0,0,0,0,0,7345,5000,7347,2500,1163,100,1164,5,2314,500,2315,5,603,2,0,0,0,0,0,0
2416,L_EREMES,Assassin Eremes,Assassin Eremes,98,9029,1,3150,1484,1,739,892,109,10,130,78,53,60,114,68,10,12,1,7,85,0x3885,160,432,400,288,0,0,0,0,0,0,0,0,7345,5000,7347,2500,1261,100,1285,5,2337,500,2359,5,603,2,0,0,0,0,0,0
2417,L_HARWORD,Blacksmith Harword,Blacksmith Howard,98,11803,1,2750,1640,1,782,1035,117,9,124,71,55,47,73,43,10,12,1,7,81,0x3885,160,432,400,288,0,0,0,0,0,0,0,0,7345,5000,7347,2500,1361,100,1375,5,2310,500,2318,5,603,2,0,0,0,0,0,0
2418,L_SHECIL,Hunter Shecil,Hunter Cecil,98,8835,1,2750,1668,14,574,797,68,13,108,113,60,72,148,37,10,12,1,7,64,0x3885,160,432,400,288,0,0,0,0,0,0,0,0,7345,5000,7347,2500,1721,100,1722,5,2330,500,2331,5,603,2,0,0,0,0,0,0
2419,L_KATRINN,Wizard Katrinn,Wizard Kathryne,98,7092,1,2750,1934,1,512,1162,69,66,97,70,49,129,125,44,10,12,1,7,68,0x3885,130,864,400,288,0,0,0,0,0,0,0,0,7345,5000,7347,2500,1619,100,1629,5,2343,500,2372,5,603,2,0,0,0,0,0,0
2420,L_MAGALETA,Prist Magaleta,Priest Margaretha,98,9192,1,2150,1634,1,644,1142,97,83,113,66,63,110,89,58,10,12,1,7,66,0x3885,160,864,400,288,0,0,0,0,0,0,0,0,7345,5000,7347,2500,1522,100,1526,5,2326,500,2373,5,603,2,0,0,0,0,0,0
2421,L_YGNIZEM,Crusader Ygnizem,Crusader Egnigem,98,13440,1,1896,2928,1,852,1194,136,8,158,101,94,75,108,74,10,12,1,7,43,0x3885,155,432,400,288,0,0,0,0,0,0,0,0,7347,5000,7345,2500,1129,100,1145,5,2316,500,2317,5,603,2,0,0,0,0,0,0
2422,L_WHIKEBAIN,Log Whikebain,Rogue Wickebine,98,11712,1,1740,2454,1,545,761,125,72,125,100,75,46,93,60,10,12,1,7,65,0x3885,130,432,400,288,0,0,0,0,0,0,0,0,7347,5000,7345,2500,1239,100,1231,5,2335,500,2336,5,603,2,0,0,0,0,0,0
2423,L_ARMAIA,Alchemist Armaia,Alchemist Armeyer,98,11376,1,1814,3618,1,662,877,130,4,135,64,93,71,105,68,10,12,1,7,62,0x3885,130,432,400,288,0,0,0,0,0,0,0,0,7347,5000,7345,2500,1304,100,1305,5,2310,500,2318,5,603,2,0,0,0,0,0,0
2424,L_KAVAC,Bard Kavac,Bard Kavach,98,12637,1,1772,3164,9,605,798,94,52,113,119,68,55,163,52,10,12,1,7,44,0x3885,160,432,400,288,0,0,0,0,0,0,0,0,7347,5000,7345,2500,1910,100,1913,5,2330,500,2331,5,603,2,0,0,0,0,0,0
2425,L_DANCER,Dancer Joshepina,Dancer Josephina,98,12637,1,1972,3164,9,605,798,94,52,113,119,68,55,163,52,10,12,1,7,44,0x3885,160,432,400,288,0,0,0,0,0,0,0,0,7347,5000,7345,2500,1959,100,1963,5,2330,500,2331,5,603,2,0,0,0,0,0,0
2426,L_RAWREL,Sage Rawrel,Sage Laurell,98,9868,1,1880,3840,1,247,895,83,96,73,86,71,134,123,62,10,12,1,7,48,0x3885,160,432,400,288,0,0,0,0,0,0,0,0,7347,5000,7345,2500,1551,100,1564,5,2343,500,2372,5,603,2,0,0,0,0,0,0
2427,L_EREND,Monk Erend,Monk Errende,98,11168,1,1810,2000,1,972,1455,116,108,84,72,99,115,95,68,10,12,1,7,46,0x3885,140,432,400,288,0,0,0,0,0,0,0,0,7347,5000,7345,2500,1809,100,1813,5,2326,500,2373,5,603,2,0,0,0,0,0,0
2428,G_L_SEYREN,Knight Seyren,Knight Seyren,98,13260,1,0,0,1,827,1112,149,10,127,62,77,44,118,49,10,12,1,7,63,0x3885,150,432,400,288,0,0,0,0,0,0,0,0,0,0,0,0,0,0,0,0,0,0,0,0,0,0,0,0,0,0,0,0
2429,G_L_EREMES,Assassin Eremes,Assassin Eremes,98,9029,1,0,0,1,739,892,109,10,130,78,53,60,114,68,10,12,1,7,85,0x3885,160,432,400,288,0,0,0,0,0,0,0,0,0,0,0,0,0,0,0,0,0,0,0,0,0,0,0,0,0,0,0,0
2430,G_L_HARWORD,Blacksmith Harword,Blacksmith Howard,98,11803,1,0,0,1,782,1035,117,9,124,71,55,47,73,43,10,12,1,7,81,0x3885,160,432,400,288,0,0,0,0,0,0,0,0,0,0,0,0,0,0,0,0,0,0,0,0,0,0,0,0,0,0,0,0
2431,G_L_SHECIL,Hunter Shecil,Hunter Cecil,98,8835,1,0,0,14,574,797,68,13,108,113,60,72,148,37,10,12,1,7,64,0x3885,160,432,400,288,0,0,0,0,0,0,0,0,0,0,0,0,0,0,0,0,0,0,0,0,0,0,0,0,0,0,0,0
2432,G_L_KATRINN,Wizard Katrinn,Wizard Kathryne,98,7092,1,0,0,1,512,1162,69,66,97,70,49,129,125,44,10,12,1,7,68,0x3885,130,864,400,288,0,0,0,0,0,0,0,0,0,0,0,0,0,0,0,0,0,0,0,0,0,0,0,0,0,0,0,0
2433,G_L_MAGALETA,Prist Magaleta,Priest Margaretha,98,9192,1,0,0,1,644,1142,97,83,113,66,63,110,89,58,10,12,1,7,66,0x3885,160,864,400,288,0,0,0,0,0,0,0,0,0,0,0,0,0,0,0,0,0,0,0,0,0,0,0,0,0,0,0,0
2434,G_L_YGNIZEM,Crusader Ygnizem,Crusader Egnigem,98,13440,1,0,0,1,852,1194,136,8,158,101,94,75,108,74,10,12,1,7,43,0x3885,155,432,400,288,0,0,0,0,0,0,0,0,0,0,0,0,0,0,0,0,0,0,0,0,0,0,0,0,0,0,0,0
2435,G_L_WHIKEBAIN,Log Whikebain,Rogue Wickebine,98,11712,1,0,0,1,545,761,125,72,125,100,75,46,93,60,10,12,1,7,65,0x3885,130,432,400,288,0,0,0,0,0,0,0,0,0,0,0,0,0,0,0,0,0,0,0,0,0,0,0,0,0,0,0,0
2436,G_L_ARMAIA,Alchemist Armaia,Alchemist Armeyer,98,11376,1,0,0,1,537,769,130,4,135,64,93,71,105,68,10,12,1,7,62,0x3885,130,432,400,288,0,0,0,0,0,0,0,0,0,0,0,0,0,0,0,0,0,0,0,0,0,0,0,0,0,0,0,0
2437,G_L_KAVAC,Bard Kavac,Bard Kavach,98,12637,1,0,0,9,605,798,94,52,113,119,68,55,163,52,10,12,1,7,44,0x3885,160,432,400,288,0,0,0,0,0,0,0,0,0,0,0,0,0,0,0,0,0,0,0,0,0,0,0,0,0,0,0,0
2438,G_L_DANCER,Dancer Joshepina,Dancer Josephina,98,12637,1,0,0,9,605,798,94,52,113,119,68,55,163,52,10,12,1,7,44,0x3885,160,432,400,288,0,0,0,0,0,0,0,0,0,0,0,0,0,0,0,0,0,0,0,0,0,0,0,0,0,0,0,0
2439,G_L_RAWREL,Sage Rawrel,Sage Laurell,98,9868,1,0,0,1,247,895,83,96,73,86,71,134,123,62,10,12,1,7,48,0x3885,160,432,400,288,0,0,0,0,0,0,0,0,0,0,0,0,0,0,0,0,0,0,0,0,0,0,0,0,0,0,0,0
2440,G_L_EREND,Monk Erend,Monk Errende,98,11168,1,0,0,1,972,1455,116,108,84,72,99,115,95,68,10,12,1,7,46,0x3885,140,432,400,288,0,0,0,0,0,0,0,0,0,0,0,0,0,0,0,0,0,0,0,0,0,0,0,0,0,0,0,0
2441,B_NOVICE,The Last One,The Last One,99,265203,1,212534,175494,3,3747,5435,510,139,272,148,162,99,160,59,10,12,1,7,83,0x6283E95,100,76,384,288,106267,0,0,0,0,0,0,0,7345,2500,603,3000,617,4000,616,500,1148,100,1140,5,1181,2,0,0,0,0,0,0
2442,B_SUPERNOVICE,King of the Alley,King of the Alley,99,268800,1,217620,178000,3,5006,7357,410,192,206,194,181,156,203,115,10,12,1,7,83,0x6283E95,100,76,384,288,108810,0,0,0,0,0,0,0,7345,2500,603,3000,617,4000,616,500,1622,100,0,0,2000,2,0,0,0,0,0,0
2443,AIRA,Aira,Aira,99,270000,1,220000,180000,1,887,1218,149,10,127,62,77,44,118,49,10,12,1,7,63,0x6283695,150,432,400,288,110000,0,0,0,0,0,0,0,739,3000,2407,50,2409,100,0,0,0,0,0,0,0,0,0,0,0,0,0,0
2444,KULUNA,Kuluna,Kuluna,99,270000,1,220000,180000,1,820,1115,109,10,130,78,53,60,114,68,10,12,1,7,68,0x6283695,160,432,400,288,110000,0,0,0,0,0,0,0,739,3000,2407,50,2409,100,0,0,0,0,0,0,0,0,0,0,0,0,0,0
2445,MALLINA,Mallina,Mallina,99,270000,1,220000,180000,1,782,1035,117,9,124,71,55,47,73,43,10,12,1,7,82,0x6283695,160,432,400,288,110000,0,0,0,0,0,0,0,739,3000,2407,50,2409,100,0,0,0,0,0,0,0,0,0,0,0,0,0,0
2446,EZELLA,Ezella,Ezella,99,270000,0,110000,90000,1,666,895,68,13,108,113,60,72,148,37,10,12,1,7,64,0x6283695,160,432,400,288,55000,0,0,0,0,0,0,0,739,3000,2407,50,2409,100,0,0,0,0,0,0,0,0,0,0,0,0,0,0
2447,LUNE,Lune,Lune,99,270000,1,220000,180000,1,512,1162,69,66,97,70,49,129,125,44,10,12,1,7,61,0x6283695,130,864,400,288,110000,0,0,0,0,0,0,0,739,3000,2407,50,2409,100,0,0,0,0,0,0,0,0,0,0,0,0,0,0
2448,MORIN,Morin,Morin,99,270000,1,220000,180000,1,727,984,97,83,113,66,63,110,89,58,10,12,1,7,67,0x6283695,160,864,400,288,110000,0,0,0,0,0,0,0,739,3000,2407,50,2409,100,0,0,0,0,0,0,0,0,0,0,0,0,0,0
2449,NASARIN,Nasarin,Nasarin,99,270000,1,220000,180000,1,938,1279,136,8,158,101,94,75,108,74,10,12,1,7,45,0x6283695,155,432,400,288,110000,0,0,0,0,0,0,0,739,3000,2407,50,2409,100,0,0,0,0,0,0,0,0,0,0,0,0,0,0
2450,THIEF_PORING,Thief Poring,Thief Poring,1,30,0,0,0,1,13,16,2,5,6,1,1,0,6,5,10,12,1,3,21,0x0170081,200,672,864,288,0,0,0,0,0,0,0,0,7056,5000,7056,5000,7056,5000,644,500,603,100,0,0,0,0,0,0,0,0,0,0
2451,BABY_STRANGE,Suspicious Baby,Strange Baby Orc,1,30,1,0,0,1,13,16,2,5,6,1,1,0,6,5,10,12,1,3,21,0x0170081,200,672,864,288,0,0,0,0,0,0,0,0,6592,5000,6592,5000,6592,5000,644,500,603,100,0,0,0,0,0,0,0,0,0,0
2452,TREASURE_BOX_TE,Treasure Chest,Treasure Chest,99,0,1,0,0,0,0,0,0,0,0,0,0,0,1199,0,0,0,0,0,20,0x1000000,0,0,0,0,0,0,0,0,0,0,0,0,607,5000,608,5000,7444,10000,7444,10000,617,5000,0,0,616,400,607,500,0,0,0,0
2453,TREASURE_BOX_TE_1,Treasure Chest,Treasure Chest,99,0,1,0,0,0,0,0,0,0,0,0,0,0,1199,0,0,0,0,0,20,0x1000000,0,0,0,0,0,0,0,0,0,0,0,0,6595,40,658,500,7444,10000,7444,10000,12399,5000,0,0,616,400,12399,500,0,0,0,0
2454,TREASURE_BOX_TE_2,Treasure Chest,Treasure Chest,99,0,1,0,0,0,0,0,0,0,0,0,0,0,1199,0,0,0,0,0,20,0x1000000,0,0,0,0,0,0,0,0,0,0,0,0,6596,40,658,500,7444,10000,7444,10000,12399,5000,0,0,616,400,12399,500,0,0,0,0
2455,TREASURE_BOX_TE_3,Treasure Chest,Treasure Chest,99,0,1,0,0,0,0,0,0,0,0,0,0,0,1199,0,0,0,0,0,20,0x1000000,0,0,0,0,0,0,0,0,0,0,0,0,6594,40,658,500,7444,10000,7444,10000,12399,5000,0,0,616,400,12399,500,0,0,0,0
2456,TREASURE_BOX_TE_4,Treasure Chest,Treasure Chest,99,0,1,0,0,0,0,0,0,0,0,0,0,0,1199,0,0,0,0,0,20,0x1000000,0,0,0,0,0,0,0,0,0,0,0,0,6597,40,658,500,7444,10000,7444,10000,12399,5000,0,0,616,400,12399,500,0,0,0,0
2457,TREASURE_BOX_TE_5,Treasure Chest,Treasure Chest,99,0,1,0,0,0,0,0,0,0,0,0,0,0,1199,0,0,0,0,0,20,0x1000000,0,0,0,0,0,0,0,0,0,0,0,0,6602,40,658,500,7444,10000,7444,10000,12399,5000,0,0,616,400,12399,500,0,0,0,0
2458,TREASURE_BOX_TE_6,Treasure Chest,Treasure Chest,99,0,1,0,0,0,0,0,0,0,0,0,0,0,1199,0,0,0,0,0,20,0x1000000,0,0,0,0,0,0,0,0,0,0,0,0,6603,40,658,500,7444,10000,7444,10000,12399,5000,0,0,616,400,12399,500,0,0,0,0
2459,TREASURE_BOX_TE_7,Treasure Chest,Treasure Chest,99,0,1,0,0,0,0,0,0,0,0,0,0,0,1199,0,0,0,0,0,20,0x1000000,0,0,0,0,0,0,0,0,0,0,0,0,6599,40,658,500,7444,10000,7444,10000,12399,5000,0,0,616,400,12399,500,0,0,0,0
2460,TREASURE_BOX_TE_8,Treasure Chest,Treasure Chest,99,0,1,0,0,0,0,0,0,0,0,0,0,0,1199,0,0,0,0,0,20,0x1000000,0,0,0,0,0,0,0,0,0,0,0,0,6598,40,658,500,7444,10000,7444,10000,12399,5000,0,0,616,400,12399,500,0,0,0,0
2461,TREASURE_BOX_TE_9,Treasure Chest,Treasure Chest,99,0,1,0,0,0,0,0,0,0,0,0,0,0,1199,0,0,0,0,0,20,0x1000000,0,0,0,0,0,0,0,0,0,0,0,0,6601,40,658,500,7444,10000,7444,10000,12399,5000,0,0,616,400,12399,500,0,0,0,0
2462,TREASURE_BOX_TE_10,Treasure Chest,Treasure Chest,99,0,1,0,0,0,0,0,0,0,0,0,0,0,1199,0,0,0,0,0,20,0x1000000,0,0,0,0,0,0,0,0,0,0,0,0,6600,40,658,500,7444,10000,7444,10000,12399,5000,0,0,616,400,12399,500,0,0,0,0

// Champion Monsters (renewal)
2631,C5_TIYANAK,Elusive Tiyanak,Elusive Tiyanak,105,85730,1,6570,19815,1,584,803,76,21,41,58,41,51,72,47,10,12,0,6,47,0x2003695,100,496,504,360,0,0,0,0,0,0,0,0,6508,1500,6509,1000,938,1000,4587,1,0,0,0,0,0,0,0,0,0,0,0,0
2667,C2_SHECIL,Solid Cecil Damon,Solid Cecil Damon,141,2002550,1,82835,248175,14,3849,5642,76,15,121,126,67,80,308,42,10,12,1,7,64,0x3095,180,76,384,288,0,0,0,0,0,0,0,0,7345,1500,12014,55,18110,10,12623,3,6469,200,6471,1,1745,200,0,0,0,0,4368,1
2766,C3_MANANANGGAL,Manananggal Ringleader,Manananggal Ringleader,107,102255,1,7075,25380,1,950,1335,64,31,75,85,45,71,75,46,10,12,1,6,47,0x2003695,100,280,720,360,0,0,0,0,0,0,0,0,6508,2000,6510,1000,7006,1000,913,1000,6511,1000,6509,1000,12700,100,0,0,0,0,4584,1
